99
0 1 55.19
0 2 82.723
0 3 27.409
0 5 16.179
0 10 34.675
0 12 16.892
0 13 66.935
0 14 42.538
0 17 0.718
0 18 96.163
0 20 58.0
0 23 92.535
0 26 67.773
0 27 5.154
0 28 98.582
0 29 26.5
0 30 22.44
0 33 44.497
0 34 28.428
0 36 26.692
0 38 42.116
0 41 34.04
0 43 49.805
0 48 91.848
0 53 29.679
0 55 56.428
0 58 14.602
0 59 68.41
0 60 35.79
0 62 61.271
0 64 46.238
0 66 89.326
0 67 47.426
0 68 42.863
0 69 10.101
0 72 5.188
0 73 44.971
0 75 32.602
0 77 20.324
0 81 40.628
0 82 74.902
0 83 14.248
0 84 52.709
0 86 74.217
0 88 81.183
0 91 24.987
0 92 94.514
0 93 0.107
0 94 89.105
0 95 71.058
0 97 22.124
0 98 60.117
1 2 39.993
1 5 98.29
1 7 20.627
1 9 7.811
1 12 12.017
1 13 86.672
1 14 8.06
1 17 66.902
1 23 61.332
1 24 20.952
1 26 18.597
1 27 7.754
1 29 16.422
1 30 38.871
1 34 2.089
1 35 1.961
1 37 51.47
1 38 13.439
1 39 49.144
1 40 66.668
1 42 69.723
1 44 47.335
1 47 18.983
1 49 14.469
1 52 46.729
1 55 1.683
1 56 20.5
1 57 61.407
1 59 39.477
1 66 7.033
1 67 75.896
1 68 36.275
1 69 93.001
1 71 77.16
1 72 5.298
1 74 6.204
1 75 52.39
1 78 35.99
1 82 63.893
1 87 75.187
1 88 78.473
1 89 1.44
1 92 85.523
1 93 93.805
1 96 93.577
1 97 58.487
2 3 7.343
2 4 89.626
2 6 56.471
2 9 27.758
2 11 31.186
2 15 98.806
2 17 67.073
2 20 62.681
2 23 58.042
2 25 55.346
2 26 18.258
2 27 49.541
2 28 39.974
2 32 87.094
2 34 6.396
2 35 27.145
2 36 11.334
2 37 12.032
2 38 64.862
2 44 98.642
2 45 83.839
2 46 51.932
2 47 91.732
2 51 50.787
2 53 57.957
2 54 77.912
2 55 1.969
2 56 99.721
2 57 94.095
2 58 30.445
2 59 13.0
2 60 60.525
2 61 88.261
2 62 31.908
2 68 71.668
2 69 38.938
2 70 92.447
2 73 4.396
2 74 8.69
2 75 91.852
2 80 36.927
2 82 32.624
2 84 72.314
2 86 42.31
2 88 58.641
2 89 39.186
2 92 64.586
2 93 99.302
2 94 45.564
2 95 99.97
3 4 34.108
3 7 28.713
3 8 67.201
3 11 53.575
3 12 46.203
3 13 22.868
3 16 94.58
3 17 53.836
3 18 54.766
3 19 43.069
3 20 9.886
3 21 40.421
3 24 97.55
3 26 10.38
3 27 60.199
3 29 6.799
3 33 17.119
3 35 45.381
3 37 35.904
3 38 75.247
3 39 17.399
3 44 90.723
3 45 62.287
3 47 95.269
3 49 48.465
3 50 13.946
3 51 40.461
3 53 99.185
3 55 12.757
3 56 16.181
3 57 27.397
3 58 57.101
3 59 85.101
3 60 21.811
3 63 99.225
3 64 34.771
3 66 18.249
3 67 18.301
3 68 30.354
3 69 2.203
3 70 44.978
3 76 63.907
3 77 58.856
3 80 12.9
3 83 60.007
3 85 90.351
3 89 58.357
3 92 68.076
3 93 83.597
3 95 49.34
4 5 60.359
4 6 54.859
4 7 62.803
4 9 72.018
4 11 44.669
4 12 14.691
4 14 39.349
4 15 59.359
4 16 10.783
4 17 21.837
4 18 91.863
4 20 52.846
4 23 14.491
4 24 87.031
4 26 26.607
4 27 57.295
4 30 86.667
4 32 25.497
4 33 4.453
4 36 75.654
4 37 42.776
4 41 95.563
4 42 4.459
4 46 18.976
4 47 66.908
4 48 87.447
4 50 96.437
4 52 57.652
4 54 72.906
4 55 44.004
4 56 5.783
4 58 44.231
4 61 66.932
4 62 47.18
4 65 71.494
4 67 73.337
4 68 67.158
4 69 95.313
4 72 26.83
4 73 60.8
4 74 74.005
4 76 70.79
4 80 26.577
4 81 27.712
4 85 13.634
4 86 77.256
4 88 36.087
4 89 60.211
4 93 53.471
4 96 95.899
4 97 88.579
4 98 72.604
5 6 87.191
5 7 10.601
5 8 83.591
5 10 25.202
5 11 63.096
5 13 83.107
5 14 11.866
5 18 0.166
5 21 96.281
5 24 62.04
5 25 12.54
5 26 78.365
5 27 86.291
5 29 41.7
5 30 50.158
5 33 83.849
5 34 42.982
5 35 50.572
5 37 94.746
5 39 75.119
5 40 58.034
5 42 48.793
5 45 30.98
5 47 82.159
5 49 25.216
5 50 44.018
5 52 85.656
5 54 86.842
5 55 44.249
5 57 70.932
5 60 43.435
5 62 26.837
5 68 34.827
5 71 36.754
5 72 39.874
5 73 69.011
5 75 82.137
5 77 62.691
5 78 13.802
5 80 96.498
5 83 92.832
5 84 40.507
5 85 66.525
5 88 89.855
5 92 24.141
5 93 69.655
5 96 0.737
5 97 44.502
5 98 3.43
6 8 24.507
6 9 25.183
6 10 64.941
6 12 15.414
6 19 72.974
6 20 50.332
6 22 6.896
6 26 25.678
6 29 84.556
6 31 69.339
6 32 65.99
6 34 57.384
6 35 78.473
6 36 45.218
6 37 43.347
6 38 49.061
6 40 3.63
6 41 35.231
6 43 95.958
6 44 54.816
6 46 36.611
6 47 93.396
6 48 70.319
6 49 49.847
6 52 16.553
6 54 74.145
6 57 85.897
6 58 96.972
6 59 81.982
6 60 59.403
6 62 36.299
6 63 22.161
6 65 7.427
6 66 43.57
6 67 70.713
6 69 50.661
6 70 28.965
6 72 76.333
6 74 5.36
6 75 45.872
6 76 63.005
6 78 47.912
6 82 61.382
6 84 64.937
6 86 2.895
6 87 45.113
6 88 63.898
6 90 84.279
6 92 9.284
6 96 69.76
6 98 59.932
7 10 62.931
7 12 18.796
7 14 54.554
7 15 3.666
7 22 39.134
7 23 65.471
7 25 66.254
7 27 92.717
7 28 29.838
7 29 51.551
7 31 75.171
7 32 90.231
7 34 75.368
7 35 84.776
7 39 85.264
7 40 78.21
7 41 74.409
7 42 39.043
7 46 78.256
7 48 65.05
7 52 8.747
7 54 78.086
7 57 69.632
7 61 10.716
7 62 79.67
7 63 20.526
7 64 9.255
7 66 41.087
7 69 38.192
7 70 24.11
7 73 25.868
7 74 14.282
7 75 90.38
7 77 44.544
7 78 73.738
7 79 3.877
7 87 53.676
7 89 22.52
7 90 29.704
7 97 96.995
8 10 93.764
8 13 85.143
8 14 74.271
8 15 11.495
8 16 71.44
8 20 43.331
8 23 77.33
8 26 80.961
8 32 22.108
8 33 92.502
8 34 93.508
8 37 63.678
8 38 87.307
8 40 15.844
8 41 35.124
8 45 34.527
8 47 3.202
8 51 97.787
8 53 29.844
8 55 48.923
8 58 98.96
8 60 94.062
8 62 63.473
8 64 28.721
8 66 59.664
8 67 61.454
8 68 8.308
8 69 26.708
8 71 24.615
8 72 21.424
8 74 49.117
8 75 45.217
8 77 29.664
8 78 17.829
8 79 45.822
8 80 83.287
8 84 31.344
8 86 15.148
8 87 48.207
8 88 85.945
8 90 41.791
8 92 73.435
8 93 64.742
8 97 54.172
8 98 26.616
9 10 79.412
9 12 53.423
9 16 84.677
9 20 84.316
9 21 52.95
9 22 51.753
9 23 56.75
9 27 91.535
9 30 79.208
9 33 80.637
9 35 61.822
9 37 93.773
9 40 12.904
9 42 7.612
9 46 84.544
9 47 91.627
9 49 7.239
9 52 45.569
9 55 9.93
9 56 6.712
9 58 26.653
9 59 5.307
9 64 56.877
9 65 1.968
9 66 83.341
9 67 92.505
9 68 57.35
9 69 67.276
9 71 66.561
9 72 76.092
9 73 15.346
9 75 34.888
9 76 23.23
9 78 14.031
9 79 15.659
9 80 51.985
9 81 54.341
9 82 39.597
9 83 60.807
9 84 88.785
9 85 48.345
9 86 43.082
9 88 76.584
9 89 65.897
9 91 36.054
9 94 37.074
9 95 90.237
10 13 17.701
10 17 49.497
10 20 32.354
10 21 66.9
10 23 40.801
10 24 72.855
10 25 87.488
10 26 20.719
10 27 17.645
10 28 30.42
10 29 63.864
10 30 21.153
10 31 41.585
10 32 68.52
10 34 54.55
10 35 59.508
10 37 5.459
10 38 46.71
10 40 8.17
10 47 26.612
10 48 50.872
10 55 56.518
10 60 92.488
10 61 65.023
10 62 77.518
10 66 15.201
10 67 3.172
10 69 93.297
10 70 71.571
10 71 8.385
10 73 4.985
10 74 91.887
10 77 92.614
10 80 76.803
10 81 13.129
10 82 69.889
10 83 67.211
10 86 96.271
10 87 64.859
10 88 62.645
10 89 30.488
10 92 34.988
10 94 49.06
10 96 61.036
10 98 85.549
11 12 35.413
11 13 26.863
11 14 75.879
11 15 56.561
11 17 5.499
11 18 65.62
11 19 63.421
11 20 59.232
11 22 40.779
11 23 59.786
11 24 63.816
11 25 59.836
11 26 52.646
11 28 21.136
11 29 1.316
11 30 62.438
11 32 26.788
11 34 48.292
11 35 77.691
11 36 54.331
11 38 6.267
11 39 34.48
11 40 92.1
11 41 99.945
11 43 51.665
11 44 79.341
11 46 78.939
11 54 90.396
11 56 34.935
11 58 51.892
11 59 51.319
11 62 79.983
11 63 76.63
11 64 18.607
11 65 28.183
11 66 86.445
11 69 84.513
11 70 3.359
11 72 94.083
11 73 81.752
11 74 17.655
11 75 54.765
11 76 92.384
11 77 43.617
11 78 48.07
11 79 69.74
11 80 17.5
11 81 40.141
11 83 67.473
11 88 81.571
11 92 96.164
11 93 1.423
11 95 98.075
11 96 96.824
11 97 1.065
11 98 65.004
12 13 32.387
12 17 90.905
12 23 37.152
12 25 64.697
12 26 64.94
12 27 52.094
12 28 45.257
12 29 78.468
12 30 12.418
12 32 62.452
12 34 19.588
12 35 31.524
12 37 47.871
12 38 52.193
12 39 31.675
12 41 60.479
12 42 6.784
12 46 20.402
12 53 93.677
12 55 28.4
12 57 83.061
12 59 88.032
12 63 72.24
12 64 60.571
12 68 33.661
12 69 23.697
12 71 10.214
12 72 78.432
12 73 12.323
12 75 89.339
12 78 29.608
12 81 95.198
12 87 30.191
12 89 2.726
12 92 83.456
12 97 97.651
12 98 67.735
13 15 67.77
13 16 5.988
13 18 31.384
13 19 56.029
13 22 80.044
13 24 74.382
13 25 48.528
13 28 38.579
13 31 52.319
13 34 94.29
13 37 90.342
13 39 35.323
13 40 13.871
13 41 20.902
13 42 10.279
13 44 14.807
13 46 49.162
13 48 41.668
13 49 92.199
13 50 50.827
13 51 46.882
13 53 60.407
13 54 14.118
13 57 89.231
13 58 97.906
13 62 62.133
13 64 84.286
13 65 44.819
13 68 77.607
13 72 48.047
13 75 6.412
13 76 99.62
13 78 25.116
13 80 33.254
13 81 49.105
13 83 86.674
13 88 99.722
13 90 28.801
13 91 31.707
13 93 38.135
13 96 89.581
13 97 2.787
14 16 35.009
14 18 90.013
14 19 96.18
14 20 27.912
14 21 94.657
14 27 47.212
14 29 63.554
14 31 66.016
14 33 28.624
14 35 55.344
14 37 36.526
14 42 7.374
14 44 25.991
14 45 36.618
14 46 20.305
14 49 28.906
14 50 4.967
14 51 1.053
14 56 96.659
14 57 2.712
14 58 20.62
14 59 94.21
14 60 65.313
14 61 92.741
14 62 36.276
14 63 96.444
14 64 32.928
14 65 28.547
14 66 4.942
14 68 98.91
14 69 74.445
14 71 17.11
14 72 13.092
14 76 76.843
14 77 87.714
14 79 56.243
14 83 89.55
14 85 0.244
14 86 92.869
14 91 80.847
14 95 58.49
14 96 82.883
14 97 12.68
15 16 53.369
15 18 27.683
15 21 26.549
15 22 84.365
15 23 18.208
15 28 25.549
15 30 50.481
15 32 79.711
15 33 42.765
15 35 18.989
15 36 99.765
15 37 9.876
15 40 45.827
15 41 76.591
15 42 25.328
15 43 6.082
15 44 25.211
15 45 99.384
15 46 75.968
15 47 19.255
15 48 37.555
15 53 22.018
15 55 24.244
15 57 33.243
15 61 17.463
15 64 33.558
15 66 35.612
15 67 37.277
15 69 19.961
15 70 60.568
15 71 11.436
15 72 96.154
15 76 99.926
15 81 34.059
15 83 82.392
15 85 19.73
15 87 3.074
15 89 55.92
15 90 68.401
15 95 9.863
16 17 41.521
16 20 79.221
16 24 89.319
16 25 21.507
16 26 40.046
16 28 48.423
16 30 87.598
16 31 74.39
16 32 4.827
16 33 15.112
16 34 65.793
16 35 22.822
16 37 67.471
16 38 41.154
16 40 57.833
16 41 34.651
16 44 75.242
16 46 19.698
16 47 25.059
16 49 2.161
16 50 49.74
16 51 30.719
16 52 23.439
16 54 49.789
16 62 92.5
16 63 3.742
16 64 77.022
16 65 5.145
16 66 64.995
16 69 48.609
16 70 26.826
16 71 69.589
16 72 62.905
16 73 31.047
16 79 40.495
16 80 23.324
16 81 49.712
16 82 37.922
16 85 6.549
16 86 57.886
16 87 90.366
16 88 26.002
16 90 11.088
16 91 2.887
16 92 80.035
16 93 48.149
16 94 35.579
16 98 74.192
17 20 12.232
17 21 78.219
17 23 49.784
17 24 14.523
17 25 54.729
17 28 86.991
17 29 1.083
17 32 28.383
17 33 78.203
17 36 63.013
17 41 42.049
17 42 81.416
17 43 55.289
17 44 40.988
17 49 15.29
17 50 69.743
17 51 76.214
17 52 91.343
17 55 78.274
17 57 59.045
17 58 57.781
17 60 14.149
17 61 91.381
17 62 62.409
17 65 69.692
17 66 94.806
17 70 49.408
17 73 71.579
17 77 69.328
17 78 76.895
17 81 55.061
17 83 93.826
17 86 34.256
17 94 92.79
17 95 71.197
17 97 22.733
17 98 59.014
18 19 39.995
18 24 65.843
18 26 22.818
18 27 14.197
18 28 20.151
18 30 7.52
18 32 10.696
18 36 27.249
18 39 10.482
18 41 57.3
18 43 50.723
18 47 25.662
18 48 12.309
18 51 85.186
18 52 8.376
18 53 35.106
18 54 74.42
18 55 25.94
18 56 52.517
18 57 56.681
18 59 25.386
18 62 19.283
18 65 86.098
18 67 19.137
18 68 92.096
18 71 31.562
18 74 54.428
18 76 28.765
18 77 37.7
18 78 26.158
18 79 28.618
18 80 9.946
18 81 96.181
18 82 63.053
18 83 17.486
18 84 6.453
18 85 52.168
18 86 92.462
18 87 31.638
18 89 60.974
18 91 50.563
18 92 40.077
18 98 17.092
19 21 49.657
19 22 85.718
19 23 35.505
19 25 24.628
19 26 17.383
19 28 35.367
19 31 97.002
19 33 71.389
19 34 97.761
19 37 63.26
19 40 20.615
19 41 24.76
19 42 16.853
19 44 16.145
19 46 97.805
19 50 87.358
19 51 53.228
19 53 44.825
19 54 59.213
19 56 27.201
19 60 71.252
19 61 87.961
19 62 72.244
19 63 36.689
19 65 88.41
19 66 50.227
19 67 48.055
19 69 10.726
19 72 52.134
19 74 87.342
19 75 42.782
19 77 5.409
19 79 34.143
19 80 82.331
19 83 6.569
19 86 97.632
19 87 7.72
19 88 56.255
19 90 60.348
19 91 91.216
19 93 76.353
20 21 21.61
20 27 43.29
20 31 74.011
20 32 22.6
20 34 41.895
20 35 44.472
20 37 70.469
20 39 33.639
20 40 30.107
20 42 40.452
20 43 69.02
20 44 91.739
20 46 38.99
20 48 41.906
20 49 54.546
20 50 93.37
20 51 43.116
20 53 68.587
20 54 22.272
20 55 37.077
20 56 70.325
20 62 87.538
20 65 10.013
20 71 3.976
20 74 16.818
20 75 98.887
20 76 16.017
20 77 87.573
20 80 84.814
20 83 69.963
20 85 56.335
20 87 82.238
20 90 99.38
20 91 51.93
20 93 46.942
20 95 80.07
20 96 23.172
20 97 32.593
20 98 92.83
21 23 53.834
21 24 94.52
21 25 86.348
21 26 27.734
21 28 23.462
21 30 46.026
21 32 65.875
21 33 97.46
21 34 94.978
21 35 59.816
21 36 13.491
21 39 22.654
21 40 99.67
21 41 55.312
21 42 47.214
21 44 94.418
21 45 38.137
21 47 92.216
21 50 51.386
21 53 71.245
21 56 1.439
21 58 90.557
21 59 21.327
21 62 35.99
21 63 56.542
21 65 84.33
21 68 2.388
21 70 34.716
21 71 95.34
21 72 38.49
21 73 43.069
21 75 79.352
21 80 61.177
21 81 25.909
21 82 5.884
21 83 59.74
21 84 6.606
21 85 93.05
21 88 40.929
21 89 64.519
21 90 9.978
21 91 25.341
21 92 93.253
22 25 40.179
22 27 8.837
22 28 37.792
22 29 41.01
22 30 21.143
22 31 43.453
22 33 31.716
22 35 12.167
22 37 10.679
22 40 88.724
22 41 41.447
22 42 35.058
22 43 59.099
22 45 24.127
22 47 28.395
22 48 28.567
22 49 44.107
22 50 45.87
22 54 92.841
22 55 99.058
22 58 30.211
22 61 88.83
22 63 82.118
22 65 21.452
22 67 91.981
22 70 83.399
22 71 33.244
22 73 5.176
22 74 25.707
22 75 1.175
22 76 21.254
22 77 67.862
22 79 8.122
22 82 36.032
22 89 7.4
22 92 67.035
22 94 11.8
22 95 30.139
23 29 69.488
23 30 45.767
23 33 82.779
23 36 67.198
23 38 47.634
23 43 6.209
23 47 21.686
23 50 95.744
23 52 54.355
23 53 37.338
23 57 10.548
23 58 93.956
23 61 43.505
23 62 40.169
23 63 69.535
23 65 70.888
23 66 50.714
23 68 1.936
23 69 80.879
23 70 97.82
23 73 51.922
23 74 61.832
23 75 88.873
23 76 49.402
23 78 70.014
23 79 37.906
23 81 36.506
23 82 89.913
23 85 66.556
23 89 71.194
23 91 88.51
23 93 26.827
23 94 11.288
23 96 63.164
23 98 32.965
24 25 39.158
24 28 30.871
24 30 48.746
24 35 73.318
24 37 99.108
24 38 5.584
24 39 41.685
24 40 64.546
24 41 80.278
24 42 81.416
24 48 68.881
24 51 35.619
24 53 77.215
24 54 67.814
24 56 33.258
24 58 22.951
24 59 20.679
24 61 12.878
24 63 82.502
24 64 16.239
24 68 94.192
24 69 76.159
24 72 92.037
24 73 15.951
24 74 82.994
24 75 83.642
24 78 13.595
24 81 2.649
24 85 88.619
24 87 68.592
24 93 15.759
24 94 4.062
24 97 26.427
24 98 11.72
25 26 93.253
25 29 42.298
25 30 44.233
25 31 86.484
25 32 52.047
25 34 73.826
25 40 29.767
25 42 73.466
25 43 20.904
25 46 78.357
25 47 43.943
25 49 48.048
25 53 70.941
25 54 69.868
25 55 97.737
25 56 66.073
25 58 29.575
25 59 4.317
25 60 73.15
25 61 29.258
25 62 20.472
25 64 90.276
25 65 37.463
25 66 16.444
25 69 77.515
25 70 60.731
25 71 3.91
25 72 73.107
25 77 58.641
25 80 85.588
25 82 19.533
25 84 94.236
25 85 2.658
25 87 98.005
25 89 13.74
25 90 83.718
25 91 25.471
25 92 43.04
25 94 32.291
25 96 71.525
25 97 54.071
26 27 32.855
26 29 38.637
26 30 12.123
26 31 16.262
26 33 39.836
26 35 66.749
26 36 51.267
26 38 30.164
26 39 31.316
26 40 13.153
26 48 37.972
26 49 92.169
26 50 29.195
26 51 20.757
26 52 95.69
26 54 99.624
26 57 6.849
26 58 49.967
26 59 48.276
26 60 38.781
26 68 20.846
26 69 45.768
26 70 80.114
26 73 38.983
26 74 52.352
26 79 76.512
26 81 3.661
26 85 8.366
26 86 32.913
26 87 43.138
26 89 54.618
26 93 14.196
26 94 66.305
26 96 72.828
26 98 2.853
27 28 23.096
27 29 67.025
27 31 19.998
27 32 95.17
27 34 60.613
27 36 54.503
27 38 46.76
27 39 3.796
27 40 53.48
27 47 70.275
27 52 79.9
27 53 68.168
27 54 90.262
27 55 43.128
27 58 31.168
27 59 91.092
27 60 22.236
27 62 55.125
27 66 17.467
27 67 98.543
27 69 22.795
27 71 40.825
27 73 72.775
27 75 16.725
27 76 21.963
27 80 13.233
27 82 62.436
27 84 97.427
27 86 46.33
27 88 84.941
27 91 19.218
27 93 80.078
27 95 2.375
28 29 5.448
28 31 4.848
28 32 22.264
28 33 54.567
28 34 46.763
28 35 26.262
28 36 50.585
28 37 89.1
28 38 22.812
28 39 94.141
28 40 18.797
28 41 39.39
28 44 48.898
28 50 73.884
28 52 46.625
28 55 35.17
28 56 77.04
28 58 38.878
28 60 20.094
28 63 93.38
28 64 26.819
28 67 26.359
28 69 56.822
28 71 11.737
28 72 47.432
28 73 98.741
28 75 3.255
28 78 57.564
28 80 96.864
28 82 49.411
28 83 55.011
28 86 64.585
28 87 42.591
28 90 70.376
28 91 15.982
28 97 68.851
29 33 4.328
29 37 92.033
29 38 48.285
29 41 55.575
29 43 5.307
29 46 25.923
29 47 31.579
29 48 56.048
29 50 82.835
29 52 68.45
29 54 63.119
29 56 64.941
29 59 56.682
29 60 75.103
29 64 61.463
29 65 95.141
29 66 10.849
29 68 5.876
29 71 99.649
29 74 10.316
29 76 62.846
29 77 63.505
29 78 79.955
29 80 48.465
29 81 68.29
29 86 60.233
29 87 40.693
29 89 0.795
29 90 19.616
29 93 48.0
29 94 3.936
29 95 86.387
29 96 68.48
29 98 65.301
30 32 82.553
30 33 59.319
30 34 22.645
30 38 77.042
30 39 15.105
30 40 59.644
30 41 13.744
30 42 12.551
30 47 88.374
30 49 93.716
30 53 42.699
30 54 20.323
30 55 61.3
30 56 5.76
30 57 34.912
30 58 56.127
30 69 65.634
30 72 14.737
30 76 82.818
30 77 61.675
30 82 33.364
30 84 51.473
30 85 33.618
30 86 5.577
30 87 96.861
30 88 44.313
30 92 2.425
30 93 31.254
30 95 82.118
31 32 16.767
31 33 54.661
31 36 49.514
31 37 66.47
31 39 72.288
31 40 83.221
31 41 13.749
31 46 85.719
31 49 98.197
31 50 81.662
31 57 5.279
31 61 59.585
31 62 50.884
31 64 97.299
31 65 90.194
31 66 75.178
31 67 97.158
31 68 50.437
31 69 33.132
31 70 63.833
31 71 41.763
31 73 69.131
31 75 99.011
31 76 91.961
31 79 56.729
31 80 50.3
31 81 66.436
31 82 38.847
31 86 93.626
31 87 3.488
31 88 8.581
31 89 31.471
31 91 11.821
31 92 72.897
31 93 3.603
32 34 52.942
32 35 39.352
32 39 74.033
32 40 3.934
32 42 32.308
32 43 61.095
32 45 28.568
32 46 31.085
32 49 75.725
32 52 92.731
32 53 72.374
32 54 29.738
32 55 2.998
32 56 62.251
32 59 58.734
32 60 64.176
32 64 54.839
32 66 36.069
32 67 10.145
32 68 73.19
32 71 65.662
32 72 23.886
32 74 26.585
32 78 56.365
32 80 85.73
32 81 88.665
32 82 10.156
32 83 77.348
32 84 30.63
32 86 29.744
32 88 7.283
32 89 57.379
32 90 18.494
32 91 29.081
32 92 70.574
32 94 62.495
32 98 56.054
33 34 70.406
33 37 57.506
33 39 32.702
33 41 56.03
33 42 87.766
33 44 29.717
33 48 14.202
33 52 8.73
33 53 12.363
33 55 89.183
33 58 53.619
33 60 26.156
33 62 5.7
33 63 46.389
33 66 7.782
33 67 2.183
33 71 18.81
33 72 77.764
33 73 9.489
33 74 3.725
33 76 98.446
33 77 58.374
33 79 58.571
33 80 88.368
33 81 29.748
33 82 14.293
33 83 98.129
33 84 62.997
33 86 54.312
33 87 11.329
33 88 29.541
33 93 51.036
33 97 28.887
33 98 65.749
34 35 9.486
34 36 93.915
34 39 18.196
34 42 14.494
34 43 13.301
34 45 69.537
34 46 16.94
34 49 78.088
34 50 70.904
34 52 54.13
34 54 32.222
34 56 30.65
34 57 49.728
34 58 95.337
34 59 42.243
34 60 25.547
34 62 25.558
34 63 21.988
34 64 58.903
34 67 37.101
34 68 84.436
34 69 23.102
34 71 12.082
34 73 51.918
34 74 2.841
34 76 88.566
34 79 20.151
34 83 53.051
34 84 86.843
34 85 46.87
34 86 70.271
34 87 26.806
34 88 29.077
34 90 95.63
34 91 13.122
34 95 32.047
35 38 29.022
35 40 65.073
35 41 35.385
35 48 2.786
35 50 56.868
35 51 38.989
35 52 44.082
35 53 70.64
35 56 24.18
35 59 80.792
35 60 85.443
35 61 11.722
35 62 37.857
35 64 10.652
35 66 49.962
35 67 85.499
35 69 17.564
35 70 87.455
35 71 64.611
35 73 41.731
35 75 91.376
35 78 51.286
35 79 74.101
35 80 87.432
35 86 17.024
35 93 69.586
35 94 3.913
36 37 54.615
36 40 74.73
36 43 30.971
36 44 18.39
36 48 64.036
36 49 88.297
36 50 89.01
36 52 35.52
36 54 38.463
36 55 74.329
36 56 13.328
36 60 47.258
36 61 35.462
36 63 18.83
36 64 2.267
36 66 23.134
36 67 31.277
36 69 41.535
36 73 14.385
36 75 8.443
36 77 7.939
36 78 89.23
36 85 41.107
36 88 48.589
36 90 38.436
36 91 81.039
36 92 64.963
36 95 84.938
36 98 40.404
37 38 0.059
37 39 6.737
37 42 13.599
37 44 31.593
37 49 50.023
37 51 52.582
37 57 91.781
37 59 59.924
37 61 89.657
37 62 34.769
37 63 18.539
37 66 48.294
37 67 48.681
37 69 74.285
37 74 4.79
37 75 58.943
37 77 63.898
37 78 72.881
37 79 47.085
37 80 5.551
37 82 12.0
37 84 25.14
37 85 52.9
37 87 94.262
37 89 41.641
37 92 9.697
38 40 4.567
38 44 43.809
38 56 89.304
38 59 3.48
38 60 92.481
38 63 12.864
38 64 8.004
38 65 10.223
38 66 93.0
38 67 85.368
38 69 86.905
38 70 52.791
38 71 88.958
38 73 60.838
38 75 81.128
38 77 14.648
38 80 77.514
38 84 66.624
38 86 42.909
38 93 64.351
38 96 60.673
39 42 53.277
39 43 79.608
39 45 90.628
39 46 76.652
39 47 91.688
39 49 14.131
39 50 69.173
39 54 53.371
39 56 61.837
39 63 70.998
39 64 97.629
39 65 72.766
39 66 1.343
39 68 51.486
39 69 33.578
39 71 61.054
39 75 13.613
39 76 92.102
39 77 88.52
39 80 57.142
39 81 51.044
39 82 14.643
39 87 68.878
39 90 95.219
39 92 4.834
39 94 69.83
39 95 2.546
39 96 68.406
39 97 7.699
40 41 46.724
40 42 10.086
40 43 38.751
40 44 45.139
40 48 89.161
40 49 28.42
40 51 6.52
40 55 86.731
40 57 9.584
40 59 32.471
40 60 62.903
40 62 37.252
40 63 1.655
40 64 7.702
40 65 37.769
40 66 77.369
40 67 61.849
40 69 21.094
40 71 13.167
40 73 64.066
40 75 70.857
40 76 2.871
40 77 11.791
40 79 52.457
40 83 17.875
40 84 77.485
40 85 77.692
40 87 38.553
40 89 42.221
40 92 53.103
40 93 94.157
40 94 51.184
40 97 0.666
40 98 83.515
41 42 43.057
41 44 21.961
41 45 5.208
41 46 88.502
41 48 6.254
41 49 12.121
41 50 92.22
41 51 26.595
41 53 89.018
41 55 24.674
41 58 43.606
41 59 61.844
41 60 65.592
41 61 94.571
41 62 5.538
41 64 7.852
41 65 91.546
41 66 5.542
41 70 63.76
41 72 18.953
41 73 8.915
41 74 16.58
41 75 65.635
41 76 45.868
41 77 29.962
41 79 79.083
41 80 69.008
41 82 72.333
41 87 54.095
41 89 77.071
41 90 35.393
41 92 24.431
41 95 51.764
41 98 93.743
42 43 27.369
42 44 83.743
42 47 38.593
42 48 24.326
42 49 2.984
42 51 76.5
42 53 56.098
42 54 97.116
42 57 12.875
42 58 91.765
42 61 15.049
42 63 42.113
42 68 73.091
42 70 31.504
42 71 60.65
42 72 12.593
42 74 13.526
42 76 88.345
42 79 85.92
42 80 62.308
42 81 69.281
42 82 17.892
42 84 79.724
42 85 29.591
42 86 61.776
42 88 97.912
42 89 84.219
42 92 94.59
42 93 39.756
42 94 82.128
42 98 79.696
43 45 61.593
43 46 47.853
43 50 54.344
43 51 40.341
43 53 73.091
43 55 73.764
43 58 46.523
43 64 30.057
43 65 30.707
43 66 88.545
43 67 44.752
43 68 60.819
43 69 8.01
43 70 53.159
43 73 85.229
43 74 24.507
43 75 87.146
43 76 56.355
43 78 30.455
43 80 27.594
43 83 58.975
43 84 9.128
43 85 29.235
43 88 93.518
43 94 87.353
43 96 49.854
43 98 75.801
44 45 76.474
44 46 76.861
44 48 70.45
44 50 54.151
44 51 46.294
44 52 69.124
44 53 39.659
44 54 47.586
44 57 88.814
44 60 96.647
44 62 79.026
44 66 59.385
44 69 39.11
44 70 82.544
44 73 51.511
44 74 36.654
44 75 84.592
44 76 16.267
44 80 21.303
44 81 79.53
44 83 64.847
44 85 85.698
44 87 79.804
44 90 46.192
44 93 17.288
44 96 8.994
44 97 34.469
45 46 80.373
45 48 90.512
45 52 80.981
45 53 8.169
45 54 86.683
45 55 84.276
45 56 21.456
45 60 66.199
45 64 60.633
45 65 70.916
45 69 2.993
45 70 84.626
45 72 54.698
45 76 86.809
45 78 61.213
45 79 47.285
45 81 68.875
45 82 32.847
45 85 31.413
45 88 70.892
45 89 84.934
45 93 25.012
45 94 17.577
45 97 81.686
46 47 62.805
46 49 2.472
46 50 95.646
46 51 82.621
46 59 30.96
46 60 48.305
46 61 98.101
46 63 66.418
46 64 80.753
46 65 23.617
46 67 67.496
46 68 80.534
46 70 1.179
46 72 43.276
46 73 35.186
46 75 6.769
46 76 32.199
46 79 48.072
46 81 47.283
46 87 1.612
46 88 4.319
46 89 27.104
46 90 45.683
46 91 61.239
46 92 87.283
46 93 55.607
46 96 55.869
47 48 43.577
47 50 55.295
47 54 0.188
47 55 69.66
47 57 91.356
47 59 21.141
47 63 92.799
47 67 78.945
47 70 89.975
47 71 77.96
47 75 34.85
47 76 48.326
47 77 97.353
47 82 80.082
47 83 8.978
47 84 7.182
47 85 36.389
47 90 4.59
47 91 83.35
47 92 40.16
47 93 10.331
47 94 64.902
47 95 47.224
47 97 32.769
47 98 72.416
48 52 49.688
48 56 98.149
48 58 83.558
48 59 79.91
48 60 53.641
48 62 50.097
48 65 39.028
48 66 1.207
48 69 33.861
48 70 62.733
48 71 9.77
48 72 5.644
48 74 22.207
48 76 19.044
48 80 23.38
48 81 62.853
48 83 12.456
48 86 28.517
48 93 91.222
48 94 50.493
48 95 70.74
48 96 38.515
48 98 95.697
49 50 77.528
49 51 30.719
49 53 90.92
49 55 60.62
49 59 21.12
49 61 34.011
49 63 69.238
49 64 41.084
49 66 3.604
49 71 75.415
49 74 60.363
49 75 1.16
49 77 12.329
49 79 15.917
49 80 7.647
49 81 13.578
49 83 37.304
49 84 15.846
49 85 0.951
49 87 12.401
49 89 58.644
49 90 17.893
49 92 78.776
49 93 77.692
49 94 32.041
50 51 70.276
50 52 7.441
50 54 27.293
50 55 56.574
50 56 57.214
50 57 78.969
50 58 14.11
50 59 72.756
50 60 82.957
50 61 85.426
50 64 34.048
50 67 76.865
50 72 72.762
50 74 45.114
50 75 0.707
50 77 10.368
50 78 87.841
50 80 93.586
50 83 76.832
50 84 42.474
50 86 87.642
50 92 43.707
50 93 92.458
50 96 65.063
50 98 99.172
51 52 92.181
51 53 19.352
51 54 46.455
51 56 81.277
51 58 88.536
51 59 38.79
51 60 10.024
51 62 2.659
51 67 28.324
51 68 2.916
51 72 4.425
51 73 75.98
51 75 23.034
51 82 27.09
51 85 82.297
51 88 59.015
51 89 85.924
51 91 99.458
51 93 70.087
51 94 49.765
51 95 80.279
51 96 73.483
51 97 83.312
52 54 77.802
52 57 43.767
52 58 20.962
52 59 7.994
52 60 53.748
52 64 1.419
52 67 39.338
52 68 46.309
52 69 13.076
52 70 38.87
52 71 43.626
52 73 97.777
52 77 23.707
52 78 69.997
52 79 17.064
52 80 86.107
52 82 42.616
52 83 15.428
52 85 18.997
52 87 27.007
52 89 22.773
52 91 29.628
52 93 73.175
52 95 70.888
52 96 40.334
52 97 86.138
52 98 48.802
53 54 3.165
53 58 90.618
53 59 18.667
53 61 65.849
53 65 69.781
53 68 54.696
53 70 18.681
53 71 59.583
53 72 18.111
53 74 56.592
53 76 57.536
53 77 0.544
53 81 52.167
53 84 2.2
53 85 88.935
53 88 68.179
53 90 70.564
53 91 18.275
53 92 72.05
53 98 56.254
54 55 85.527
54 59 51.971
54 60 39.319
54 63 85.224
54 65 65.568
54 67 80.182
54 68 52.018
54 74 7.023
54 78 57.381
54 80 10.014
54 81 60.955
54 82 38.562
54 84 45.387
54 88 64.916
54 89 47.931
54 91 25.186
54 92 93.588
54 94 93.569
54 95 5.621
54 96 73.964
54 97 83.398
54 98 76.753
55 58 71.89
55 59 30.058
55 64 49.847
55 66 67.457
55 69 71.165
55 70 66.728
55 73 21.55
55 80 8.55
55 84 94.689
55 86 43.66
55 87 11.478
55 89 22.588
55 91 29.779
55 94 54.676
55 96 50.685
55 97 5.347
55 98 29.206
56 59 91.125
56 60 58.301
56 61 99.786
56 62 70.819
56 63 42.804
56 65 16.715
56 66 88.005
56 68 72.478
56 69 13.129
56 71 86.61
56 73 0.027
56 74 53.049
56 76 34.582
56 77 97.982
56 78 95.916
56 79 4.379
56 81 92.715
56 82 25.961
56 84 15.369
56 85 30.67
56 87 75.246
56 91 44.258
56 92 73.516
56 96 94.03
56 97 38.681
56 98 54.653
57 58 28.671
57 59 38.219
57 60 68.193
57 62 64.864
57 64 90.351
57 66 84.151
57 67 74.729
57 68 4.864
57 71 6.475
57 72 68.73
57 74 17.488
57 78 32.511
57 79 10.052
57 81 99.91
57 82 22.28
57 83 15.591
57 84 34.257
57 85 70.98
57 87 19.176
57 89 75.438
57 91 54.965
57 94 59.085
57 95 78.922
58 59 54.413
58 60 7.522
58 64 6.897
58 66 26.265
58 67 1.117
58 68 86.111
58 69 1.487
58 73 9.251
58 75 46.597
58 77 60.067
58 78 54.542
58 79 92.185
58 80 72.837
58 82 71.288
58 86 72.336
58 88 67.176
58 89 13.599
58 93 13.83
58 97 25.51
58 98 23.899
59 60 19.785
59 66 27.312
59 68 88.304
59 70 55.715
59 72 40.731
59 75 8.78
59 76 43.788
59 77 31.569
59 78 48.615
59 79 83.6
59 80 93.175
59 81 18.153
59 82 23.663
59 86 68.997
59 88 85.297
59 89 21.04
59 92 11.747
59 93 49.792
59 94 81.328
59 98 17.538
60 62 66.808
60 63 28.265
60 66 76.682
60 69 50.973
60 72 85.55
60 77 24.002
60 78 13.866
60 80 40.219
60 81 43.116
60 82 29.921
60 86 51.874
60 87 90.37
60 89 59.067
60 91 78.835
60 93 63.125
60 94 88.943
60 96 49.551
60 97 2.513
61 63 17.496
61 65 99.622
61 66 27.4
61 67 39.689
61 68 58.631
61 70 16.351
61 72 70.128
61 74 52.103
61 75 56.266
61 77 38.976
61 78 89.691
61 81 0.934
61 83 38.952
61 88 47.224
61 90 6.085
61 92 97.687
61 94 50.116
61 95 29.378
62 64 67.329
62 66 27.534
62 67 51.708
62 70 9.827
62 71 40.982
62 73 45.339
62 75 94.18
62 86 98.491
62 88 88.287
62 91 88.006
62 92 35.474
62 93 69.761
62 95 70.009
62 97 56.14
62 98 43.601
63 65 33.024
63 67 91.981
63 68 37.828
63 70 93.929
63 74 37.58
63 75 52.596
63 79 11.731
63 81 41.105
63 84 89.478
63 85 51.337
63 86 93.551
63 87 25.278
63 88 50.119
63 96 33.439
63 97 69.083
64 67 26.669
64 68 15.575
64 69 18.676
64 71 69.741
64 74 79.874
64 78 37.547
64 79 28.488
64 83 43.621
64 87 98.879
64 88 49.024
64 95 29.945
64 97 4.187
64 98 71.828
65 71 63.069
65 74 25.582
65 75 51.055
65 77 66.548
65 80 63.247
65 81 56.594
65 83 79.33
65 86 21.791
65 88 96.161
65 89 97.898
65 90 28.519
65 93 6.431
65 98 20.148
66 68 37.8
66 70 68.556
66 71 48.854
66 74 57.115
66 75 25.027
66 77 68.309
66 81 88.56
66 82 83.115
66 83 15.917
66 85 75.288
66 88 60.619
66 89 4.432
66 91 99.192
66 92 28.545
66 93 56.48
67 68 44.857
67 70 91.022
67 71 0.055
67 73 73.44
67 74 82.805
67 75 18.295
67 79 88.508
67 81 72.749
67 82 79.63
67 85 26.26
67 86 29.31
67 87 16.636
67 88 65.943
67 91 12.173
67 95 21.338
67 98 5.733
68 73 54.006
68 74 90.278
68 75 75.031
68 76 75.945
68 77 84.787
68 78 29.973
68 80 25.534
68 82 35.183
68 83 32.908
68 84 22.612
68 85 67.704
68 86 68.278
68 87 69.377
68 90 59.023
68 94 50.901
68 95 71.909
68 96 22.321
68 97 89.518
68 98 82.449
69 70 76.376
69 72 26.928
69 73 28.582
69 76 47.039
69 78 60.948
69 79 42.607
69 80 17.749
69 84 29.219
69 87 91.997
69 89 41.797
69 91 12.277
69 96 27.478
69 97 79.072
70 74 62.947
70 76 65.137
70 77 84.524
70 79 70.538
70 80 11.067
70 81 58.517
70 89 10.977
70 91 3.86
70 92 3.858
70 93 0.153
71 72 91.531
71 77 1.249
71 79 99.251
71 80 77.079
71 81 10.217
71 82 39.767
71 83 71.185
71 84 17.611
71 86 77.101
71 88 12.204
71 90 28.07
71 91 72.498
71 93 22.705
72 77 14.234
72 78 51.36
72 82 63.465
72 84 54.074
72 86 16.873
72 90 90.935
72 91 73.507
72 92 54.233
72 93 1.428
72 97 49.7
73 76 38.02
73 78 13.164
73 79 71.691
73 80 83.61
73 81 55.649
73 82 32.58
73 83 91.345
73 85 77.886
73 87 72.595
73 91 19.168
73 95 55.896
73 98 68.083
74 75 42.695
74 76 15.422
74 78 77.824
74 79 69.385
74 81 92.998
74 82 23.209
74 84 20.276
74 85 83.673
74 88 49.792
74 89 81.023
74 90 86.485
74 91 55.519
74 92 69.337
74 94 96.364
74 96 10.184
74 97 30.034
74 98 64.167
75 77 12.448
75 78 68.145
75 81 42.365
75 83 66.457
75 85 67.437
75 88 37.238
75 90 43.953
75 91 65.365
75 92 27.531
75 93 35.702
75 97 28.491
76 77 12.191
76 78 61.08
76 80 36.247
76 81 73.667
76 82 59.659
76 84 19.212
76 89 5.969
76 90 15.266
76 96 77.01
76 98 82.971
77 78 75.717
77 82 25.204
77 84 71.441
77 85 30.111
77 89 81.631
77 91 17.728
77 92 56.716
77 94 27.854
77 95 60.722
77 97 17.702
77 98 16.11
78 81 63.755
78 84 47.916
78 85 14.936
78 88 79.917
78 89 9.839
78 90 99.61
78 91 46.676
78 95 77.716
78 98 81.139
79 84 16.225
79 85 62.628
79 86 26.281
79 87 17.452
79 94 55.609
79 96 74.17
79 97 1.966
79 98 63.358
80 81 83.75
80 82 49.457
80 83 26.629
80 85 1.75
80 87 27.955
80 88 69.538
80 92 45.817
80 93 23.846
80 96 63.425
81 82 42.816
81 83 62.992
81 84 43.975
81 85 65.218
81 86 17.374
81 90 24.286
81 91 31.365
81 92 12.803
81 93 87.855
81 95 33.11
81 96 9.124
81 98 96.274
82 84 46.518
82 85 42.405
82 86 54.706
82 87 83.155
82 88 96.479
82 91 56.172
82 93 71.267
82 96 49.476
82 98 51.094
83 87 25.639
83 88 9.459
83 89 9.29
83 90 53.194
83 92 33.684
83 93 11.319
83 94 30.102
83 95 17.27
84 85 93.41
84 87 92.383
84 88 78.12
84 90 16.936
84 91 2.995
84 92 78.382
84 94 28.001
84 96 16.498
84 97 22.602
85 86 17.36
85 87 67.814
85 88 76.285
85 90 52.105
85 92 87.667
85 95 36.14
85 96 32.609
85 97 90.785
85 98 42.013
86 88 57.99
86 91 89.597
86 92 77.092
86 93 25.848
87 88 12.887
87 89 88.89
87 92 27.194
87 93 33.909
87 96 91.793
87 98 27.387
88 89 39.194
88 90 73.619
88 92 58.579
88 94 82.667
88 98 11.085
89 90 76.142
89 91 80.88
89 92 4.232
89 93 19.37
89 95 89.933
89 96 30.262
89 98 34.04
90 91 30.132
90 92 31.248
90 93 95.027
90 96 48.684
90 97 90.778
91 93 64.825
91 94 81.221
92 98 93.531
93 94 2.821
93 95 37.534
93 96 87.983
93 98 78.927
95 96 71.306
95 97 45.673
96 97 45.612
96 98 15.128
97 98 67.132